81  4  0
    1      33    43     2    28
    2      39    44    38    26
    3      36    41    35    11
    4       5    39    16    25
    5      20    38    21    41
    6      40    39    22    10
    7      35    42    41    38
    8       4     5    45    36
    9      27    37    28    43
   10      45    39     5    25
   11      32    23    24    28
   12      43    34    33     2
   13       5    31    14     6
   14      13    33    30    19
   15      33    28    32    24
   16      33    19    37    24
   17      39    14     5    16
   18      38    44    27    26
   19      36    44     4    35
   20      10    39    22    16
   21      35     3    43    44
   22      39    45    26    25
   23       2     8    32     1
   24      33     2    34     8
   25      25     5    31    16
   26      14    39     5    36
   27      33    42    37    19
   28      34    33     8    13
   29      22    29    10    16
   30      29    16    14    10
   31      15    29    22    16
   32      18    30    33    19
   33      28    33    32     2
   34       7    33    13     8
   35      16    31    25    17
   36      14    39    10    16
   37      37    33    24    28
   38      10    14    29     9
   39      14     5    16    31
   40      38    43    37    27
   41      18    33    24    19
   42      13    30    33     7
   43       2     8    33    32
   44      37    42    20    19
   45      35    43     3    34
   46      34    42    33    13
   47      42    34    33    37
   48      34    12    41    42
   49      44    38    43    35
   50      21    38    40    41
   51      36    40    10    39
   52      45    39    44    36
   53      39    45     5    36
   54      12    13    42    34
   55      34    43    33    37
   56      33    43    28    37
   57      33    42    19    13
   58      38    42    20    37
   59      35    42    38    34
   60      44    36    38    35
   61      41    38    36    35
   62      38    41    36    40
   63       3     4    44    35
   64      36    40    11    10
   65      34    41    12    35
   66      21    39    22    40
   67      14    39    36    10
   68      39    40    38    36
   69      40    39    38    21
   70      35    41    12    11
   71      38    42    41    20
   72      35    42    34    41
   73      36    41    11    40
   74      34    43     3     2
   75      42    38    34    37
   76      34    43    38    35
   77      43    34    38    37
   78      36     4    44    45
   79      39    44    36    38
   80      38    44    43    27
   81      39    45    44    26
# Generated by tetgen bar.smesh 
