45  3  0  0
   1    -0.96969700000000003  0.28353600000000001  -0.26054300000000002
   2    -0.56969700000000001  0.28353600000000001  -0.26054300000000002
   3    -0.16969699999999999  0.28353600000000001  -0.26054300000000002
   4    0.23030300000000001  0.28353600000000001  -0.26054300000000002
   5    0.63030299999999995  0.28353600000000001  -0.26054300000000002
   6    1.0303  0.28353600000000001  -0.26054300000000002
   7    -0.96969700000000003  -0.28303600000000001  -0.26054300000000002
   8    -0.96969700000000003  0.00024998400000000002  -0.26054300000000002
   9    1.0303  -0.28303600000000001  -0.26054300000000002
  10    0.63030299999999995  -0.28303600000000001  -0.26054300000000002
  11    0.23030300000000001  -0.28303600000000001  -0.26054300000000002
  12    -0.16969699999999999  -0.28303600000000001  -0.26054300000000002
  13    -0.56969700000000001  -0.28303600000000001  -0.26054300000000002
  14    1.0303  0.00024998400000000002  -0.26054300000000002
  15    1.0303  -0.28303600000000001  0.26070399999999999
  16    1.0303  0.00024998400000000002  0.26070399999999999
  17    1.0303  0.28353600000000001  0.26070399999999999
  18    -0.96969700000000003  -0.28303600000000001  0.26070399999999999
  19    -0.56969700000000001  -0.28303600000000001  0.26070399999999999
  20    -0.16969699999999999  -0.28303600000000001  0.26070399999999999
  21    0.23030300000000001  -0.28303600000000001  0.26070399999999999
  22    0.63030299999999995  -0.28303600000000001  0.26070399999999999
  23    -0.96969700000000003  0.28353600000000001  0.26070399999999999
  24    -0.96969700000000003  0.00024998400000000002  0.26070399999999999
  25    0.63030299999999995  0.28353600000000001  0.26070399999999999
  26    0.23030300000000001  0.28353600000000001  0.26070399999999999
  27    -0.16969699999999999  0.28353600000000001  0.26070399999999999
  28    -0.56969700000000001  0.28353600000000001  0.26070399999999999
  29    1.0303  -0.28303600000000001  8.0657500000000005e-005
  30    -0.96969700000000003  -0.28303600000000001  8.0657500000000005e-005
  31    1.0303  0.28353600000000001  8.0657500000000005e-005
  32    -0.96969700000000003  0.28353600000000001  8.0657500000000005e-005
  33    -0.96969700000000003  -0.0079994799999999998  -0.0025810400000000002
  34    -0.36971049589158955  0.00023088401427585913  -0.26054300000000002
  35    0.030155467988521607  0.00045896876701832665  -0.26054300000000002
  36    0.43025853276745513  0.00018701527780641959  -0.26054300000000002
  37    -0.36985710510706182  0.000476777676795492  0.26070399999999999
  38    0.03020547199710321  0.00011185841085691422  0.26070399999999999
  39    0.43049955554930347  -2.8407176699934403e-005  0.26070399999999999
  40    0.43018392006068512  -0.28303600000000001  -7.4675152820185094e-005
  41    0.030249426203171184  -0.28303600000000001  1.0687047810950539e-005
  42    -0.36974168541690045  -0.28303600000000001  2.2269651242312796e-005
  43    -0.36956196968026556  0.28353600000000001  -9.5460372676465274e-005
  44    0.030501892720726911  0.28353600000000001  -0.00017868058500180103
  45    0.43035785226243489  0.28353600000000001  9.0210569064395153e-006
# Generated by tetgen bar.smesh 
